1971   01     1.80
1971   02    48.60
1971   03   103.40
1971   04    97.10
1971   05   111.90
1971   06   116.80
1971   07    95.50
1971   08    80.50
1971   09   219.60
1971   10   145.40
1971   11    27.90
1971   12    38.30
1972   01    60.70
1972   02    83.90
1972   03   117.60
1972   04   132.70
1972   05   275.80
1972   06   201.80
1972   07   160.10
1972   08    27.60
1972   09   174.90
1972   10   219.40
1972   11   130.70
1972   12    45.70
1973   01     0.00
1973   02    98.10
1973   03   175.90
1973   04   109.00
1973   05   114.90
1973   06   183.00
1973   07   154.70
1973   08   138.50
1973   09   204.40
1973   10   167.90
1973   11    53.40
1973   12    11.90
1974   01     0.00
1974   02    26.20
1974   03   180.80
1974   04   152.60
1974   05   191.20
1974   06   157.40
1974   07   211.40
1974   08   173.60
1974   09   138.20
1974   10   113.10
1974   11    55.00
1974   12    35.10
1975   01     0.00
1975   02   121.10
1975   03   164.30
1975   04   248.20
1975   05   138.60
1975   06   136.00
1975   07   195.90
1975   08    17.20
1975   09   154.50
1975   10   231.80
1975   11    60.40
1975   12     6.10
1976   01    22.90
1976   02    65.30
1976   03   139.00
1976   04   111.80
1976   05   273.40
1976   06   222.00
1976   07    38.20
1976   08    39.50
1976   09   123.70
1976   10    96.10
1976   11   213.40
1976   12     1.20
1977   01    21.20
1977   02    13.70
1977   03    85.40
1977   04    87.20
1977   05    98.50
1977   06   229.20
1977   07    37.70
1977   08    30.20
1977   09   173.10
1977   10   182.30
1977   11    18.30
1977   12     6.00
1978   01     1.50
1978   02   159.80
1978   03    77.30
1978   04   104.00
1978   05   261.90
1978   06   212.30
1978   07    57.40
1978   08    17.80
1978   09   271.20
1978   10   217.10
1978   11    40.70
1978   12    15.50
1979   01    14.50
1979   02    38.60
1979   03   100.80
1979   04    99.90
1979   05   119.50
1979   06   142.50
1979   07   300.40
1979   08   196.20
1979   09   331.30
1979   10   103.70
1979   11    82.40
1979   12     8.40
1980   01     5.10
1980   02   100.90
1980   03    49.00
1980   04    53.80
1980   05   120.00
1980   06   286.50
1980   07   123.90
1980   08    38.40
1980   09   170.80
1980   10   117.40
1980   11    67.70
1980   12    21.60
1981   01     0.00
1981   02    23.10
1981   03   172.00
1981   04    45.00
1981   05   254.60
1981   06   161.90
1981   07   207.70
1981   08    42.40
1981   09   149.50
1981   10    96.20
1981   11     7.80
1981   12    31.00
1982   01     0.00
1982   02   135.20
1982   03    54.70
1982   04    77.30
1982   05   140.70
1982   06   138.20
1982   07    49.90
1982   08    76.30
1982   09    14.60
1982   10   182.20
1982   11    14.00
1982   12     8.40
1983   01     0.00
1983   02    34.00
1983   03    67.00
1983   04    84.40
1983   05   116.20
1983   06   231.20
1983   07    34.20
1983   08    47.50
1983   09    94.60
1983   10    43.30
1983   11    67.30
1983   12    86.30
1984   01     0.00
1984   02     8.90
1984   03   135.10
1984   04    80.50
1984   05   132.50
1984   06   179.90
1984   07   276.50
1984   08   171.20
1984   09   214.80
1984   10   138.80
1984   11    44.40
1984   12     1.30
1985   01    18.50
1985   02    45.50
1985   03   247.40
1985   04   166.90
1985   05   105.20
1985   06   159.20
1985   07   417.10
1985   08    96.50
1985   09   202.80
1985   10    99.70
1985   11   110.40
1985   12     0.00
1986   01     0.00
1986   02   132.10
1986   03    64.40
1986   04    70.70
1986   05   154.80
1986   06   268.00
1986   07   176.30
1986   08    68.50
1986   09   114.20
1986   10   170.60
1986   11    13.00
1986   12     0.00
1987   01     5.90
1987   02    64.80
1987   03   110.00
1987   04   171.00
1987   05    46.30
1987   06   245.90
1987   07   156.80
1987   08   192.10
1987   09   188.70
1987   10    74.40
1987   11    39.50
1987   12     8.20
1988   01     0.00
1988   02    10.00
1988   03   309.50
1988   04   135.70
1988   05   130.30
1988   06   341.70
1988   07   138.80
1988   08    15.00
1988   09   185.50
1988   10   136.40
1988   11    38.60
1988   12    78.90
1989   01    53.70
1989   02     2.30
1989   03   112.60
1989   04    77.20
1989   05   126.20
1989   06   310.40
1989   07    89.30
1989   08   177.00
1989   09   281.20
1989   10   186.30
1989   11    39.50
1989   12     8.20
1990   01    33.50
1990   02    67.90
1990   03   110.20
1990   04   199.10
1990   05   115.30
1990   06   126.40
1990   07    22.60
1990   08    27.30
1990   09   197.30
1990   10   137.50
1990   11    98.70
1990   12    83.40
1991   01    54.80
1991   02    83.90
1991   03    77.80
1991   04   133.30
1991   05   306.90
1991   06   171.80
1991   07    88.10
1991   08    69.70
1991   09   143.20
1991   10   122.50
1991   11    23.70
1991   12     0.10
1992   01     3.60
1992   02     5.50
1992   03    74.30
1992   04   152.80
1992   05   150.30
1992   06   132.70
1992   07    79.20
1992   08    30.40
1992   09   312.80
1992   10    49.20
1992   11    65.60
1992   12     7.10
1993   01     2.00
1993   02    53.10
1993   03   117.50
1993   04   152.70
1993   05   156.74
1993   06   338.90
1993   07    31.00
1993   08   102.60
1993   09   168.00
1993   10   257.10
1993   11    52.40
1993   12    26.70
1994   01     0.00
1994   02     7.30
1994   03    52.10
1994   04   194.90
1994   05   210.80
1994   06   116.10
1994   07    96.50
1994   08    63.10
1994   09   156.10
1994   10   179.00
1994   11    35.20
1994   12     0.00
1995   01     0.00
1995   02     0.70
1995   03   121.60
1995   04   198.80
1995   05   175.80
1995   06   155.10
1995   07   136.60
1995   08   148.50
1995   09   138.80
1995   10    95.70
1995   11    40.00
1995   12   115.60
1996   01     3.70
1996   02    80.20
1996   03    72.20
1996   04   111.80
1996   05   145.70
1996   06   106.00
1996   07   202.70
1996   08   109.60
1996   09    72.50
1996   10    81.80
1996   11     2.80
1996   12    51.90
1997   01    53.70
1997   02    33.00
1997   03   138.00
1997   04   296.70
1997   05   218.70
1997   06   250.30
1997   07    73.40
1997   08    59.00
1997   09    96.30
1997   10   162.20
1997   11    11.10
1997   12    11.30
1998   01    51.80
1998   02    26.60
1998   03    35.90
1998   04   267.40
1998   05   183.30
1998   06   188.70
1998   07    56.50
1998   08    75.60
1998   09    74.70
1998   10    76.50
1998   11    23.50
1998   12    31.70
1999   01    61.30
1999   02    25.90
1999   03   109.90
1999   04   217.00
1999   05   101.70
1999   06   217.90
1999   07   202.60
1999   08   114.10
1999   09   135.20
1999   10   204.30
1999   11    39.00
1999   12     0.00
2000   01    62.40
2000   02     7.20
2000   03   110.60
2000   04   206.20
2000   05   168.60
2000   06   373.20
2000   07   153.20
2000   08    65.30
2000   09   144.10
2000   10   119.90
2000   11    77.80
2000   12     0.00
2001   01     0.00
2001   02    21.50
2001   03   220.10
2001   04   163.00
2001   05   106.70
2001   06   149.70
2001   07   112.50
2001   08    48.60
2001   09   216.90
2001   10   112.90
2001   11    15.50
2001   12    18.40
2002   01     1.60
2002   02     7.60
2002   03    99.70
2002   04   238.90
2002   05   204.60
2002   06   265.50
2002   07   281.40
2002   08    75.80
2002   09   123.50
2002   10   319.10
2002   11    45.20
2002   12     5.40
2003   01    32.90
2003   02    74.50
2003   03    73.10
2003   04   129.50
2003   05   188.80
2003   06   254.60
2003   07    95.30
2003   08    26.80
2003   09    99.50
2003   10   180.10
2003   11   163.20
2003   12    30.90
2004   01    25.80
2004   02    70.80
2004   03   164.30
2004   04   100.70
2004   05    72.30
2004   06    41.10
2004   07   229.40
2004   08   115.00
2004   09   243.50
2004   10   232.40
2004   11    43.50
2004   12    76.50
2005   01    12.50
2005   02    48.90
2005   03    84.20
2005   04   146.40
2005   05   272.10
2005   06   121.30
2005   07    18.30
2005   08    36.70
2005   09   174.10
2005   10   236.90
2005   11    49.80
2005   12    29.80
2006   01   111.10
2006   02    98.40
2006   03   112.80
2006   04    66.90
2006   05   187.30
2006   06   145.40
2006   07    66.70
2006   08    65.20
2006   09   111.40
2006   10   158.40
2006   11    32.50
2006   12     3.70
2007   01     0.20
2007   02    16.90
2007   03    56.20
2007   04   310.90
2007   05   164.20
2007   06   176.00
2007   07   192.90
2007   08   117.70
2007   09   534.50
2007   10   153.90
2007   11    51.70
2007   12    19.80
2008   01     0.00
2008   02    53.70
2008   03    97.40
2008   04   132.00
2008   05   239.60
2008   06   286.70
2008   07   131.10
2008   08   192.60
2008   09   170.70
2008   10    75.10
2008   11    18.30
2008   12    54.80
2009   01     0.00
2009   02   131.40
2009   03   110.60
2009   04   139.80
2009   05   164.60
2009   06   376.70
2009   07   273.50
2009   08    17.60
2009   09    99.30
2009   10   138.60
2009   11    45.20
2009   12    33.40
2010   01    14.70
2010   02    52.70
2010   03    52.60
2010   04    77.30
2010   05   108.90
2010   06   225.80
2010   07    83.30
2010   08   113.10
2010   09   165.90
2010   10   184.00
2010   11    80.90
2010   12    38.30
2011   01    65.80
2011   02   136.40
2011   03   230.50
2011   04   122.80
2011   05   100.10
2011   06   244.40
2011   07   178.60
2011   08    60.60
2011   09   155.60
2011   10   188.10
2011   11    38.90
2011   12     0.00
2012   01    48.10
2012   02    74.90
2012   03    92.00
2012   04   119.30
2012   05   270.80
2012   06   379.80
2012   07    93.80
2012   08     3.40
2012   09    82.50
2012   10   225.60
2012   11    70.60
2012   12    60.60
2013   01     0.00
2013   02    54.70
2013   03   107.90
2013   04   167.80
2013   05   207.40
2013   06   114.90
2013   07   138.00
2013   08     6.20
2013   09   219.50
2013   10   209.70
2013   11    80.60
2013   12    42.00
2014   01    89.20
2014   02   162.50
2014   03    66.80
2014   04   105.80
2014   05   117.00
2014   06   268.50
2014   07    71.60
2014   08    59.30
2014   09   112.70
2014   10   180.10
2014   11   117.60
2014   12     3.10
2015   01     0.00
2015   02    64.00
2015   03   171.60
2015   04   231.50
2015   05   118.40
2015   06   333.40
2015   07   128.40
2015   08     2.90
2015   09   101.70
2015   10   142.20
2015   11    40.70
2015   12     0.00
2016   01     0.00
2016   02     1.20
2016   03   135.80
2016   04   132.50
2016   05   118.60
2016   06   155.50
2016   07   108.10
2016   08    55.10
2016   09   329.10
2016   10   209.40
2016   11    64.00
2016   12    24.00
2017   01    35.40
2017   02    24.90
2017   03    99.10
2017   04    92.50
2017   05   201.40
2017   06   252.80
2017   07   139.30
2017   08    91.80
2017   09   238.60
2017   10   169.80
2017   11    80.00
2017   12    50.40
2018   01     4.23
2018   02    56.42
2018   03   140.85
2018   04   114.02
2018   05   169.63
2018   06   232.51
2018   07   131.71
2018   08    65.16
2018   09   213.58
2018   10   142.80
2018   11    74.08
2018   12     9.67
2019   01    15.02
2019   02    47.18
2019   03    87.24
2019   04   179.29
2019   05   184.25
2019   06   206.23
2019   07   127.26
2019   08    60.60
2019   09   221.94
2019   10   265.30
2019   11    94.23
2019   12    21.41
2020   01     3.92
2020   02     0.21
2020   03   119.74
2020   04   127.97
2020   05   221.18
2020   06   236.31
2020   07    67.23
2020   08    23.24
2020   09   150.00
2020   10   186.53
2020   11    66.74
2020   12    38.87
