1971   01    25.72
1971   02    27.16
1971   03    27.26
1971   04    26.79
1971   05    26.59
1971   06    25.52
1971   07    24.41
1971   08    23.91
1971   09    24.39
1971   10    25.44
1971   11    26.50
1971   12    25.20
1972   01    26.22
1972   02    27.23
1972   03    26.73
1972   04    26.52
1972   05    26.51
1972   06    25.32
1972   07    24.65
1972   08    23.96
1972   09    25.08
1972   10    25.92
1972   11    26.52
1972   12    26.05
1973   01    26.08
1973   02    28.16
1973   03    28.11
1973   04    27.44
1973   05    27.47
1973   06    25.64
1973   07    25.12
1973   08    24.84
1973   09    24.93
1973   10    25.93
1973   11    26.55
1973   12    26.07
1974   01    25.45
1974   02    27.89
1974   03    27.22
1974   04    26.74
1974   05    25.99
1974   06    25.62
1974   07    24.54
1974   08    24.68
1974   09    24.58
1974   10    25.70
1974   11    26.39
1974   12    25.29
1975   01    25.29
1975   02    27.04
1975   03    27.47
1975   04    26.86
1975   05    26.24
1975   06    25.70
1975   07    24.50
1975   08    23.76
1975   09    24.70
1975   10    25.42
1975   11    26.38
1975   12    26.10
1976   01    25.63
1976   02    27.02
1976   03    27.25
1976   04    26.65
1976   05    26.66
1976   06    25.13
1976   07    24.10
1976   08    23.88
1976   09    24.52
1976   10    24.96
1976   11    25.46
1976   12    25.61
1977   01    26.25
1977   02    27.98
1977   03    28.16
1977   04    28.03
1977   05    27.25
1977   06    25.64
1977   07    24.44
1977   08    23.85
1977   09    25.21
1977   10    25.91
1977   11    27.08
1977   12    25.39
1978   01    27.47
1978   02    28.06
1978   03    27.09
1978   04    26.83
1978   05    26.84
1978   06    25.37
1978   07    23.99
1978   08    24.45
1978   09    24.68
1978   10    25.63
1978   11    26.20
1978   12    26.50
1979   01    27.03
1979   02    28.17
1979   03    28.15
1979   04    27.77
1979   05    26.84
1979   06    25.70
1979   07    25.05
1979   08    25.05
1979   09    25.59
1979   10    26.52
1979   11    26.57
1979   12    25.58
1980   01    27.01
1980   02    27.59
1980   03    27.41
1980   04    28.11
1980   05    26.86
1980   06    26.05
1980   07    24.79
1980   08    24.70
1980   09    25.55
1980   10    25.87
1980   11    26.41
1980   12    25.10
1981   01    25.69
1981   02    28.07
1981   03    27.79
1981   04    27.79
1981   05    26.69
1981   06    25.95
1981   07    24.10
1981   08    24.18
1981   09    25.08
1981   10    26.25
1981   11    26.25
1981   12    26.40
1982   01    26.29
1982   02    28.26
1982   03    27.73
1982   04    27.45
1982   05    26.29
1982   06    25.54
1982   07    24.50
1982   08    23.63
1982   09    24.81
1982   10    25.97
1982   11    26.44
1982   12    26.26
1983   01    25.84
1983   02    28.70
1983   03    29.63
1983   04    28.38
1983   05    27.87
1983   06    25.67
1983   07    25.00
1983   08    24.54
1983   09    25.06
1983   10    26.39
1983   11    26.77
1983   12    26.32
1984   01    27.42
1984   02    28.68
1984   03    28.12
1984   04    27.76
1984   05    27.14
1984   06    25.97
1984   07    25.14
1984   08    25.43
1984   09    25.14
1984   10    26.14
1984   11    26.94
1984   12    25.44
1985   01    26.99
1985   02    28.09
1985   03    27.55
1985   04    27.08
1985   05    26.21
1985   06    25.72
1985   07    24.73
1985   08    25.10
1985   09    24.93
1985   10    26.02
1985   11    26.51
1985   12    25.14
1986   01    26.42
1986   02    28.29
1986   03    27.04
1986   04    27.71
1986   05    26.85
1986   06    25.83
1986   07    24.49
1986   08    24.41
1986   09    25.28
1986   10    25.51
1986   11    26.66
1986   12    25.63
1987   01    27.58
1987   02    27.91
1987   03    28.15
1987   04    28.22
1987   05    27.73
1987   06    26.38
1987   07    25.66
1987   08    25.32
1987   09    25.95
1987   10    26.46
1987   11    28.02
1987   12    26.41
1988   01    26.55
1988   02    29.39
1988   03    28.16
1988   04    27.72
1988   05    27.59
1988   06    25.79
1988   07    24.85
1988   08    24.46
1988   09    25.37
1988   10    26.50
1988   11    27.17
1988   12    25.40
1989   01    26.33
1989   02    28.25
1989   03    28.19
1989   04    27.80
1989   05    27.19
1989   06    25.92
1989   07    25.45
1989   08    24.93
1989   09    25.09
1989   10    26.14
1989   11    27.77
1989   12    26.87
1990   01    26.97
1990   02    27.61
1990   03    29.55
1990   04    27.86
1990   05    27.32
1990   06    26.68
1990   07    24.83
1990   08    24.82
1990   09    25.53
1990   10    26.32
1990   11    27.13
1990   12    25.98
1991   01    26.90
1991   02    28.43
1991   03    28.08
1991   04    27.46
1991   05    27.23
1991   06    26.93
1991   07    25.61
1991   08    24.84
1991   09    26.01
1991   10    25.60
1991   11    26.87
1991   12    26.91
1992   01    26.93
1992   02    29.59
1992   03    28.78
1992   04    27.87
1992   05    27.23
1992   06    25.75
1992   07    24.18
1992   08    24.06
1992   09    25.04
1992   10    26.50
1992   11    25.68
1992   12    26.63
1993   01    26.52
1993   02    28.96
1993   03    27.22
1993   04    27.23
1993   05    27.66
1993   06    26.21
1993   07    24.77
1993   08    24.53
1993   09    25.40
1993   10    26.51
1993   11    26.93
1993   12    26.19
1994   01    26.82
1994   02    28.72
1994   03    28.68
1994   04    27.67
1994   05    26.72
1994   06    25.97
1994   07    25.01
1994   08    25.00
1994   09    25.43
1994   10    26.00
1994   11    26.95
1994   12    26.50
1995   01    26.83
1995   02    29.68
1995   03    28.25
1995   04    27.86
1995   05    27.38
1995   06    26.24
1995   07    25.59
1995   08    25.40
1995   09    25.63
1995   10    26.10
1995   11    27.21
1995   12    26.36
1996   01    26.72
1996   02    27.89
1996   03    27.78
1996   04    27.74
1996   05    27.52
1996   06    26.01
1996   07    25.40
1996   08    25.05
1996   09    25.16
1996   10    25.85
1996   11    27.74
1996   12    26.72
1997   01    27.00
1997   02    28.51
1997   03    28.66
1997   04    26.92
1997   05    27.05
1997   06    25.80
1997   07    24.77
1997   08    24.59
1997   09    25.92
1997   10    26.98
1997   11    27.36
1997   12    27.38
1998   01    27.38
1998   02    28.81
1998   03    30.19
1998   04    29.16
1998   05    27.83
1998   06    26.55
1998   07    25.50
1998   08    24.64
1998   09    25.80
1998   10    26.57
1998   11    27.94
1998   12    27.38
1999   01    27.82
1999   02    27.83
1999   03    28.08
1999   04    27.36
1999   05    27.21
1999   06    26.45
1999   07    25.48
1999   08    25.10
1999   09    25.11
1999   10    25.61
1999   11    26.93
1999   12    27.26
2000   01    27.44
2000   02    28.11
2000   03    29.39
2000   04    27.90
2000   05    27.13
2000   06    25.66
2000   07    24.56
2000   08    24.68
2000   09    25.05
2000   10    25.81
2000   11    26.90
2000   12    26.32
2001   01    27.65
2001   02    28.78
2001   03    28.27
2001   04    27.27
2001   05    27.49
2001   06    26.48
2001   07    25.42
2001   08    24.44
2001   09    24.79
2001   10    26.62
2001   11    27.61
2001   12    28.07
2002   01    27.71
2002   02    29.55
2002   03    28.72
2002   04    28.03
2002   05    27.32
2002   06    25.96
2002   07    25.36
2002   08    24.27
2002   09    25.51
2002   10    26.49
2002   11    27.09
2002   12    26.51
2003   01    27.48
2003   02    28.61
2003   03    29.23
2003   04    27.70
2003   05    27.99
2003   06    25.85
2003   07    25.10
2003   08    24.53
2003   09    26.00
2003   10    26.98
2003   11    27.15
2003   12    26.57
2004   01    27.15
2004   02    28.37
2004   03    28.15
2004   04    27.68
2004   05    26.98
2004   06    25.90
2004   07    24.79
2004   08    24.47
2004   09    25.69
2004   10    26.36
2004   11    27.05
2004   12    27.05
2005   01    25.83
2005   02    28.64
2005   03    28.01
2005   04    28.23
2005   05    27.10
2005   06    25.51
2005   07    24.36
2005   08    23.87
2005   09    25.96
2005   10    26.68
2005   11    27.39
2005   12    27.04
2006   01    27.35
2006   02    27.86
2006   03    27.50
2006   04    28.34
2006   05    27.10
2006   06    26.75
2006   07    25.66
2006   08    25.14
2006   09    25.43
2006   10    26.46
2006   11    27.18
2006   12    26.80
2007   01    26.85
2007   02    28.48
2007   03    28.74
2007   04    27.15
2007   05    27.13
2007   06    26.54
2007   07    25.77
2007   08    25.38
2007   09    25.77
2007   10    26.40
2007   11    26.93
2007   12    27.18
2008   01    26.22
2008   02    28.37
2008   03    28.34
2008   04    27.70
2008   05    27.36
2008   06    26.41
2008   07    25.76
2008   08    25.51
2008   09    26.08
2008   10    27.00
2008   11    28.10
2008   12    27.67
2009   01    27.61
2009   02    28.41
2009   03    28.31
2009   04    27.79
2009   05    27.58
2009   06    26.44
2009   07    25.31
2009   08    24.94
2009   09    25.81
2009   10    26.49
2009   11    27.11
2009   12    27.89
2010   01    28.26
2010   02    29.30
2010   03    28.79
2010   04    28.59
2010   05    27.84
2010   06    26.60
2010   07    25.68
2010   08    25.74
2010   09    26.10
2010   10    27.05
2010   11    27.24
2010   12    27.76
2011   01    26.87
2011   02    27.76
2011   03    27.70
2011   04    28.13
2011   05    27.82
2011   06    26.37
2011   07    25.32
2011   08    25.15
2011   09    25.86
2011   10    26.61
2011   11    27.84
2011   12    27.55
2012   01    27.22
2012   02    27.86
2012   03    28.26
2012   04    27.66
2012   05    26.70
2012   06    26.02
2012   07    25.02
2012   08    24.79
2012   09    26.14
2012   10    25.53
2012   11    27.91
2012   12    27.25
2013   01    27.78
2013   02    29.48
2013   03    28.27
2013   04    28.34
2013   05    27.16
2013   06    26.29
2013   07    25.08
2013   08    24.60
2013   09    25.85
2013   10    26.49
2013   11    27.22
2013   12    26.45
2014   01    27.77
2014   02    27.94
2014   03    28.25
2014   04    28.11
2014   05    27.40
2014   06    26.75
2014   07    25.41
2014   08    24.88
2014   09    25.78
2014   10    26.74
2014   11    27.30
2014   12    27.34
2015   01    27.47
2015   02    28.52
2015   03    28.75
2015   04    28.18
2015   05    28.01
2015   06    26.24
2015   07    25.87
2015   08    25.30
2015   09    26.38
2015   10    27.45
2015   11    26.45
2015   12    27.76
2016   01    28.76
2016   02    30.16
2016   03    29.48
2016   04    28.87
2016   05    28.14
2016   06    26.41
2016   07    25.67
2016   08    25.25
2016   09    26.06
2016   10    27.09
2016   11    28.34
2016   12    27.93
2017   01    28.25
2017   02    29.51
2017   03    29.19
2017   04    28.80
2017   05    28.24
2017   06    26.83
2017   07    25.78
2017   08    25.24
2017   09    26.12
2017   10    27.43
2017   11    27.57
2017   12    27.41
2018   01    27.94
2018   02    29.30
2018   03    27.48
2018   04    27.54
2018   05    26.44
2018   06    25.41
2018   07    24.95
2018   08    24.88
2018   09    25.15
2018   10    25.93
2018   11    26.36
2018   12    27.53
2019   01    29.03
2019   02    28.91
2019   03    28.76
2019   04    28.14
2019   05    26.95
2019   06    25.80
2019   07    25.22
2019   08    25.09
2019   09    25.35
2019   10    25.17
2019   11    26.53
2019   12    27.40
2020   01    28.95
2020   02    30.16
2020   03    28.43
2020   04    27.97
2020   05    27.67
2020   06    26.03
2020   07    24.67
2020   08    25.16
2020   09    25.61
2020   10    25.74
2020   11    26.51
2020   12    26.67
